eye 50 50 100
look 50 50 10
up 0 1 0
d 5
bounds -8 -8 8 8
res 1024 1024
recursionLevel 3
ambient 0.2 0.2 0.2
light 10 80 100 1 0.75 0.75 0.75
light 100 80 100 1 0.75 0.75 0.75
sphere 50 50 50 16 0.2 0.2 0.2 0.6 0.6 0.6 0.0 0.0 0.0 0.9 0.9 0.9 0.6 0.6 0.6 2.42
sphere 38 45 65 2.5 0.2 0.2 0.2 0.2 0.7 0.4 0.50 0.50 0.50 0.0 0.0 0.0 1.0 1.0 1.0 2.42
sphere 48 52 68 2.5 0.2 0.2 0.2 0.1 0.5 0.7 0.50 0.50 0.50 0.0 0.0 0.0 1.0 1.0 1.0 2.42
sphere 58 58 64 2.5 0.2 0.2 0.2 0.0 0.3 0.9 0.50 0.50 0.50 0.0 0.0 0.0 1.0 1.0 1.0 2.42
sphere 68 65 59 2.5 0.2 0.2 0.2 0.0 0.4 0.8 0.50 0.50 0.50 0.0 0.0 0.0 1.0 1.0 1.0 2.42
sphere 27 37 40 2.5 0.2 0.2 0.2 0.2 0.8 0.4 0.50 0.50 0.50 0.0 0.0 0.0 1.0 1.0 1.0 2.42
sphere 22 45 30 2.5 0.2 0.2 0.2 0.3 0.7 0.3 0.50 0.50 0.50 0.0 0.0 0.0 1.0 1.0 1.0 2.42
sphere 26 55 25 2.5 0.2 0.2 0.2 0.4 0.5 0.2 0.50 0.50 0.50 0.0 0.0 0.0 1.0 1.0 1.0 2.42
sphere 32 62 23 2.5 0.2 0.2 0.2 0.6 0.4 0.0 0.50 0.50 0.50 0.0 0.0 0.0 1.0 1.0 1.0 2.42
sphere 38 69 20 2.5 0.2 0.2 0.2 0.8 0.2 0.2 0.50 0.50 0.50 0.0 0.0 0.0 1.0 1.0 1.0 2.42
sphere 48 73 18 2.5 0.2 0.2 0.2 0.6 0.2 0.4 0.50 0.50 0.50 0.0 0.0 0.0 1.0 1.0 1.0 2.42
sphere 60 75 15 2.5 0.2 0.2 0.2 0.4 0.0 0.4 0.50 0.50 0.50 0.0 0.0 0.0 1.0 1.0 1.0 2.42
sphere 70 77 15 2.5 0.2 0.2 0.2 0.3 0.1 0.5 0.50 0.50 0.50 0.0 0.0 0.0 1.0 1.0 1.0 2.42
sphere 77 75 25 2.5 0.2 0.2 0.2 0.2 0.1 0.6 0.50 0.50 0.50 0.0 0.0 0.0 1.0 1.0 1.0 2.42
sphere 15 80 50 8 0.2 0.2 0.2 0.1 0.5 0.5 0.0 0.0 0.0 0.3 0.3 0.3 1.0 1.0 1.0 2.42
sphere 6 48 50 8 0.2 0.2 0.2 0.2 0.2 0.8 0.0 0.0 0.0 0.3 0.3 0.3 1.0 1.0 1.0 2.42
sphere 15 20 50 8 0.2 0.2 0.2 0.4 0.0 0.9 0.0 0.0 0.0 0.3 0.3 0.3 1.0 1.0 1.0 2.42
sphere 92 80 50 8 0.2 0.2 0.2 0.1 0.5 0.2 0.0 0.0 0.0 0.3 0.3 0.3 1.0 1.0 1.0 2.42
sphere 100 48 50 8 0.2 0.2 0.2 0.1 0.7 0.3 0.0 0.0 0.0 0.3 0.3 0.3 1.0 1.0 1.0 2.42
sphere 82 20 50 8 0.2 0.2 0.2 0.8 0.6 0.2 0.0 0.0 0.0 0.3 0.3 0.3 1.0 1.0 1.0 2.42












