eye 50.0 50.0 100.0
look 0.0 0.0 0.0
up 0.0 1.0 0.0
d 50.0
bounds -40 -40 40 40
res 256 256
recursionLevel 5
ambient 0.2 0.2 0.2
light -300 200 300 0 0.5 0.5 0.5
light 300 200 300 0 0.5 0.5 0.5
light 0 300 0 0 0.5 0.5 0.5
sphere 0 10 10 20 0.2 0.2 0.2 1.0 1.0 1.0 0.50 0.50 0.50 1.0 1.0 1.0
sphere -32 14 34 10 0.2 0.2 0.2 0.8 0.2 0.3 0.50 0.50 0.50 1.0 1.0 1.0
sphere 35 0 -40 14 0.2 0.7 0.2 0.7 0.8 0.4 0.50 0.50 0.50 1.0 1.0 1.0
sphere 30 -15 0 14 0.2 0.7 0.2 0.2 0.1 0.4 0.50 0.50 0.50 1.0 1.0 1.0
sphere 15 -15 40 14 0.2 0.2 0.2 0.2 0.1 0.6 0.50 0.50 0.50 1.0 1.0 1.0
sphere -25 -12 35 14 0.2 0.2 0.2 0.5 0.1 0.3 0.50 0.50 0.50 1.0 1.0 1.0
model 0.0 1.0 0.0 270 10 0.0 40.0 20.0 smooth cow.obj



